3.632366215361981
4.121714139729738
2.0723423693329095
2.0139717569109052
4.361505365371704
2.681460478901863
3.725159603357315
1.5207407371141017
1.3574893065029756
1.6924783012131228
0.6803241117831931
0.901274296361953
1.7315665192902088
3.693200682103634
2.4779775381088256
2.77096906080842
1.9199724207632243
3.0687580808997152
3.7474808275699614
1.7799145272932946
1.71896296069026
3.8484783828258515
3.1527436091564596
3.7779646568000316
2.3477840436360564
2.531485305353999
2.71768955483567
1.8381902553141116
1.9719721037894486
1.7329822971485556
1.6912536770105362
2.3427512909984216
1.6268493167008273
3.7193703293800353
5.481601405143738
2.9237710697576405
1.3915106647880748
5.064974621683359
2.2147965006530286
2.534605062007904
3.9919433653354646
0.9545576241027447
2.6244550520088525
0.9349158755139797
1.680298796761781
1.35256522372365
2.715545095386915
3.8781489594839513
1.003187571815215
1.8811715992807876
1.270876714377664
2.157439602166414
2.283003805577755
0.8836273937951773
3.4927961945533754
3.4312267551664264
2.6350500075146557
1.1676720465882682
1.6494262993335724
2.1267046093940736
2.462496439740062
2.4996085069375114
2.9732276665745303
2.236434204876423
2.544373577431543
0.6663203309566598
3.6921601003501565
0.8802204403960786
1.4684103052844875
1.639715695520863
2.00743847694248
1.6539939474256244
2.0047779526561498
0.7464875935576856
5.412632563710213
1.129677046299912
2.939079888164997
1.3978816789574922
2.516379415802658
4.928044590353966
0.9860784217948094
1.978466108813882
2.0521830290555956
0.5137002161238342
0.962088739220053
2.3654346354305744
3.320252242684364
1.2326535461470485
2.4619618650525807
1.2746501825313317
0.8851701727611726
1.37814188071452
4.024155746400356
3.091541386023164
2.526476567238569
1.0718779799033655
4.244998388830572
2.62741891524347
2.153645123564638
2.9225460215471686
2.954205345816445
2.8778803288936614
2.2061784231103956
3.429131207242608
2.0509990863502026
3.0514673352241517
0.9538928356487304
3.758378180861473
2.449815960228443
3.466226261854172
0.7118941911729053
0.4544860025547678
1.3406713806092738
2.630207710340619
2.131360042653978
1.1687375570996665
2.770065461099148
1.9887042552232743
4.267710036039352
4.69357790350914
4.519122564792633
4.581872966885567
3.345068609714508
4.515002071857452
1.1286278240382672
4.836337023973465
1.3605356740532444
3.5774054182693362
3.406233435869217
1.0118348583346233
2.6283843107521534
2.2384119022637607
1.9070229992270469
2.2390293516218662
0.9947454017994459
3.1727095767855644
1.2946257339790463
6.593278396129608
1.4489117060787975
1.4534067172557115
1.4136717680841684
1.3458939008414745
2.178009526617825
3.577256679534912
3.0387584902346134
1.6019234096631407
1.5223166030831634
0.3700351579398557
6.332121402025223
3.804313318990171
0.84984250155685
1.2963571202708408
4.084670624136924
1.3728160787497472
1.4172645054757596
1.5274871408939361
1.0119456570522742
1.7918458088301121
0.9922466060237639
2.383735241089016
1.2797740274982061
0.9180299536994425
2.5108170674648136
0.8345761866075918
0.7226607085496652
0.8746614426156156
0.5923334501741919
1.367554794569878
0.31793161327514097
0.9595538049470633
2.1302076697087613
1.0065822841599583
1.866722627915442
0.6609561221674085
0.8308009475818835
2.11954545378685
1.2548470910638572
2.5550475740805267
1.511941049838788
0.540151095701367
4.765346682071685
3.9148233205080034
4.516510313749313
4.141159774363041
1.9768685965464101
3.7430919855833054
1.7525914028286933
1.6148408061591908
4.2261060118675235
2.08210209608078
3.090692487359047
5.590837848186493
5.487207970023155
2.539259312674403
1.5930727243423461
0.9247714338824153
4.5569155514240265
3.5621827483177184
1.7645758805330842
2.62388495542109
2.961376114189625
3.2703712068498136
3.6335587173700334
1.4875687290099449
0.8614808410871774
1.508986811991781
1.2576799470873083
4.524552980717272
5.180470213294029
1.7453549345518695
2.106089613959193
2.6186281347065234
0.9340140593005344
3.581007008999586
2.1002984535414724
1.8171243116259574
2.540686536580324
1.6109146056696773
1.7761043950449675
6.428859859704971
2.2746091625653206
2.083881129603833
1.9660834644921124
3.563706164993346
1.8121406271442537
1.067094355111476
2.3467322903106833
2.8553665846120566
1.447254153713584
5.859481179714203
4.65642945766449
0.6602803359332029
2.259745624475181
1.6264633858198068
2.923183048516512
2.135450767725706
1.34901989325881
3.049779232335277
3.0047402976080777
1.0595807382371276
0.7775512319989503
1.03891317587113
1.9232903497293592
4.495921591669321
1.8333790495991706
1.4077533181756734
0.7220639874538393
1.1303322529420257
2.409797685965896
1.7619011255446821
4.067444196343422
2.319287394778803
1.4812015196308495
1.86388828381896
2.158137958496809
2.2957048013806345
3.2350249618291853
2.9558421602705494
2.716377582028508
0.857986952457577
3.473656626045704
3.942955594882369
2.689067503809929
3.7455153435468675
1.5780921233119443
2.1319681093096734
1.5335929427761585
5.54863212108612
2.750479456037283
6.450923103094101
1.6519405748695135
2.0573966568568722
2.799244125187397
3.2927311241626738
2.7161680698394775
1.3872595444321631
2.5767609924077988
2.705873852968216
1.988879233598709
1.9464046444743872
1.1710575127974152
1.6405224546790123
4.537672299146652
1.9148155272006988
1.8555247424170376
2.647534841299057
3.862502569705248
2.00079343598336
2.985057570785284
2.8306434988975524
1.5418829832226038
2.564300412684679
3.0936036229133608
0.613438518869225
0.7649176683276891
4.259774339199066
4.830566918849945
4.024204993247986
3.352195066213608
2.203209388256073
3.6825704373419286
3.4387975730001927
1.8974755088536768
1.2049749359866837
1.402246716170339
2.5894923746585845
3.1643078535795213
2.127548912540078
4.842309606075287
1.8952098911628128
6.584323459863663
0.6966049888520501
0.8925651393044973
2.191501276101917
4.071649381518364
2.2542322855908425
4.314949925243854
1.6990624067373574
1.1950326256453991
1.6932568319840358
3.5941914170980453
2.6260287702083587
4.700763380527496
0.08476167750886816
1.328788014105521
5.360675951838493
4.916038182395278
5.0929395914077755
0.7117980364582763
6.811377321439795
0.8930295625890722
1.9792850122321397
5.064632093161345
0.9287909785052761
0.4360173378922809
3.2279142417013644
0.8303536934778094
1.8440746722742916
2.561538618511986
0.9320665490158717
0.5615848761241068
1.5979441754636354
1.1904208546970039
3.9860014051198958
0.6015986893304216
4.2396473236382
2.6668046437669544
0.9753648119280115
1.4117896558716894
0.6770023150806083
1.4538651638664306
2.3277427179479675
2.0419093801174313
2.8752512658014893
1.6795657891780138
1.1824599338695407
1.9509853969328106
1.366676897276193
0.7920019309640338
4.777925458364189
0.8756271726451814
0.700654556540394
1.0305042188268998
0.7128004781261552
4.198320722579956
1.5103013657033444
0.8154366398877755
2.9272947241552174
0.9068304291693494
2.399809755384922
3.4644957572221755
1.988381933234632
1.0507527628913522
1.5049628296401352
1.2812944553792476
1.6064332688227296
1.0531003723852337
2.5632328361272814
0.7975899070501328
4.728504317998886
1.6285303294658662
1.504530708421953
0.9629754783614771
2.2493393193930387
2.4728080173314084
5.63715768866241
1.6735397185082548
2.40254491873784
0.9698447644012049
1.5070939353536232
5.128249362111092
2.5176246196730063
1.0969331173721002
2.9278548222966494
2.454508710408118
1.3793481923872606
1.9220466770231723
2.0336682684835976
1.4047840056940912
1.217111839656718
3.522621526743751
0.5060348517261446
0.5273125494421038
1.8642879318445922
0.20941868622321635
0.7596934826367943
1.8366087281377985
0.9571011595962773
1.0900186090380886
1.3899136048945366
1.9509646702808823
1.3850028618588113
0.5374701734552219
1.7183969782781787
3.4248613215982915
0.7457094540426624
1.3163871467833814
1.6785987306386232
3.46346950083971
2.23479377143085
1.3434810359678522
1.7529724964406341
1.5344347272068262
0.33865520582767206
0.7072871481475886
2.309106793254614
1.7055965569918043
1.5504900189116597
1.4346396442968399
1.1591670481779146
2.694060930609703
1.5214884255081416
1.329254046548158
0.823375505884178
2.077161276806146
1.9205428738147021
1.2990764668677002
4.455507165193557
3.488859122991562
1.2180360723170451
2.4584311287850142
1.9206043701735325
1.2147867385763675
2.2652890014636795
1.371712142485194
3.2022053003311157
1.9050916574895382
2.0221134432125836
1.5295561212231406
4.316144406795502
1.358784938044846
2.765735772997141
0.9123239401727915
2.748746919631958
2.25870160413906
0.5787697339896113
5.569190108776093
1.5132268760353327
1.3101577510969946
5.138735574483872
1.9087770219892264
1.0562880227575078
0.9915429860004223
1.3830646134912967
2.44242433493132
1.4845427516615017
1.655092188087292
5.248715265467763
3.4154833987355233
0.03448799842444714
1.0361802691448248
0.857490365409285
1.3347491357102172
0.5023037863487844
0.8829547828900104
2.261193354870193
1.2925928687051056
1.9753793529234827
3.5859882116317747
2.357478011219064
1.49636937873438
3.5818658247590065
2.0945990651845934
2.946408712436096
2.519040631502867
1.9837566670496016
2.8345088634639977
0.9609030773426639
0.7387183587998152
3.911324055865407
3.431115563758067
0.6295323597558309
0.8561999615776585
0.8217049351675086
1.3375968466265475
1.6416485998779535
2.03597383890301
1.7361295206705107
1.06793947420083
3.076983145135455
2.4963022165815345
2.4307335536461325
0.9131061571712052
1.1564064276055432
0.7143089176141075
1.271810651384294
2.21286568781361
1.6829895474016667
2.324591779708862
4.483006989955902
5.7092803597450255
1.974489408521913
5.239738950948231
1.3392534188285936
2.3860712299123406
0.8225231780437753
1.6972151624038816
0.856937166134594
1.0650936763035133
2.979273242491763
1.2664696931373327
1.3462024383246898
1.0342926009878284
0.8621286001085536
0.6756955571894651
2.9028653249144556
2.6362099193036554
5.000396019220352
5.026892401278019
3.5028536558151244
2.8141181474551558
1.7605162242427468
1.2195652444846927
2.762444517016411
3.1694683492183686
2.627097272826359
2.1720697110518814
2.900933797255857
3.383463881025091
1.569037976139225
1.4375838661915623
1.2233948637265712
5.560885199904442
0.32475413557112914
0.3170245698123836
1.3883331283926963
1.798895155347418
0.6063120286446064
1.0697622714273165
1.5130893209483474
0.930546310992213
2.4284781023859976
2.587581626139581
2.7943324310239404
1.0770419997163116
1.913194968411699
1.0938345147878863
5.023008859157562
2.3401973698288203
1.8365946275182068
0.6007498133694753
2.4757677778601646
3.0904370667412877
1.1586214011535048
1.1159663740545511
3.8676530838012697
1.0895785811240786
0.7010100124893143
6.413256332278252
2.0461746557994047
1.423678528804885
5.9570396900177
3.818750074505806
2.364904576167464
1.0181345132739807
1.2828456339892
5.415445244312286
0.9394604472676292
2.4051673643291
4.013501060009003
4.8885526835918425
5.241535693407059
1.15447711488232
2.183775511849672
4.061193267628551
4.961852181702852
4.550204825401306
1.6227958992123603
5.219860827922821
1.6897397294640542
4.464416858553887
2.8132880039513113
0.8248356848169351
5.336678051948548
5.088740214705467
4.284178733825684
0.9718928633257746
5.063758918642998
0.8208152117440477
0.9943180174645022
2.241570515107651
0.7404470614510501
5.405814245343208
3.5011121004674353
4.902520384453237
3.58437615185976
3.171433562040329
2.8515462670475245
2.316859855875373
0.31952568847373186
1.5896960761398078
1.321508918746258
1.3898523597219536
1.1796332958620042
0.47458208478492453
0.4383498361814418
0.9746373610338196
1.8864264658652246
0.9004467068400117
3.1883302584290503
2.4242316581308843
2.0818912968039514
2.2514316018903626
1.5580159649252892
3.986655328795314
2.81607181802392
2.880084764957428
2.7993992254137994
2.169430405087769
3.1924544110894204
4.013899096660316
1.5102615042442267
2.832382434469764
2.1456538036967685
4.103364134579897
0.6445084072649478
1.6775312388548627
1.367434494581539
1.827631669175389
3.0701163917779923
2.357809745892882
1.6138031840806435
1.75076040122658
0.4067355080740526
2.1899795893579723
4.6396914955228565
1.8493193246948068
1.8864295176812447
2.194629159942269
1.8704636169597506
1.6313870497979224
1.2663166963495314
3.5909953315800522
0.24389205432526068
3.045493379980326
1.0558720820001326
0.7958049435168505
2.4780359054915606
2.7547932237386705
1.1159181335475297
2.621824902726803
1.7472667396068573
1.9693583324551582
0.7604197461158038
2.6485163122415543
3.6083035707473754
3.547885221242905
1.003646345818197
1.7784577487182105
1.302707811673463
2.6125134618021546
0.42143851423097656
1.2460618128534406
1.8814219200983644
0.39617759448010476
2.3863877065479757
1.9659793102822731
0.5551538276224164
3.5791606329381467
1.924676567770075
1.0402432521041192
1.4331240655854345
4.319126035273075
1.3227660667151213
4.180148414894939
2.099427964631468
0.7211687150294892
3.1143654178828
2.1615916073322294
4.1100336611270905
1.4039672898128628
1.8614172958768904
1.5447625573564436
0.6205410854293405
3.2033422239124776
3.3685091108083727
1.911000635754317
1.1108759236958576
2.862852192297578
2.281834748852998
1.252309103211155
1.3514737582067027
2.0822057992219927
4.745020017027855
3.118739352375269
2.4602941224118693
1.7639981574611738
2.8379818721674384
2.962613333016634
2.5169149987399577
3.0046619867905973
1.2568449266254902
2.833214294910431
0.32329076911337323
1.770668064057827
2.6727195497602225
0.37201809665311886
1.9693152248859405
4.5589917540550235
5.023196911811828
5.560537314414978
4.4893125057220455
1.4985225535929203
3.5669837266206743
5.09837839603424
1.6863436052226461
1.2767992113826039
1.6863360333772106
0.17752148162107914
5.922063261270523
4.472010315861553
3.50032041054219
1.8323183934015106
1.8840890637598933
1.88456067238003
1.7455641039647163
3.6312836847238943
1.0343264719471335
0.6785629971549497
1.0219337812290177
1.1219910585408797
1.2586880114395171
0.6966334661119618
3.4529719561338426
1.3516428555827589
2.8672232075594364
3.2253996253013613
1.50160938128829
1.9485146077349782
1.8008220292627812
4.086950951814652
4.287113648653031
2.014571878314018
3.4417034834623337
0.6288999662210699
2.4225529730319977
2.776715085655451
3.234930966794491
1.1691994443535805
3.1488808929920196
1.4957380820298567
4.1654222965240475
1.2931647238088773
3.8691817969083786
2.444310728853452
2.2166335100890135
2.0537737117614596
1.3696112875506514
2.1390738382935526
1.8221343439974589
4.206421698397025
0.04087274061566859
4.664388357102871
1.7728259643357887
3.690170633792877
1.5487200753297656
0.7411585533423931
2.0040573952082923
1.4759899336844682
0.8757525653229095
1.0202269593835809
0.8113655466586351
1.9611236114986241
0.49008104407112113
2.48456128037069
1.0793451072182507
3.45799515247345
2.129192965431139
2.189514120761305
1.204340189350478
1.781142310803989
2.9670575603609906
0.6345408543827944
1.2631393608957295
2.13366954177618
2.964940792322159
4.682121467590332
3.812964451313019
1.3621556961485113
0.8777429849840701
4.003603473305702
5.570484337210655
5.281185832619667
1.8502597112586954
1.1163175369612872
5.192623306810856
2.000226395111531
1.7599284920281206
2.3670897979522123
1.4234143614768981
1.9984655246138572
5.182416740059852
1.6175081117777155
2.430106621515006
4.9137668907642365
5.294273796677589
0.9904104642570019
2.5138918107841164
0.6823826797772199
0.5049758154607844
4.898902661725879
2.5670232616364954
3.429999215900898
4.276633484661579
4.2006777852773665
2.3490843497216702
1.145740071311593
0.7899112645536661
1.5112031808122992
1.5559431027621031
3.2754972755908964
2.187778556346893
3.4725807547569274
1.834396431222558
2.0811715979129075
2.314379784464836
2.435181255638599
3.0610692113637925
3.5967130839824675
1.4431150782853366
4.570277470350265
1.1513077781914034
4.957239346578717
4.301176859438419
0.7181923425756395
4.568523627519608
3.1619130238890647
2.4332072749733924
2.9534920431673526
3.5807211324572563
1.3161877955539238
1.7397206258028746
1.822820470709121
5.657301253080368
0.4475449267833028
0.9390341658901888
1.7440534550696611
1.4545819806182407
2.6914537236094476
3.7528907120227815
0.9071577793569304
1.1705493713729083
5.18920795917511
3.0070899464190006
5.341552782058716
1.6500299347564578
5.437629473209381
0.2560544851236045
1.2596826346031775
0.505893299222737
1.6955783307552337
1.7229836490470916
0.713568835076876
5.668203032016754
1.5425822646240703
6.068629330396652
3.638443669676781
5.815990194678307
2.8897900342941285
7.042548656463623
5.665643501281738
5.613579773902893
6.044994147121907
1.5500193525105714
0.29381366254528984
2.699064987152815
2.0350427295314146
1.9473942955955863
3.0477966271340846
1.6396527547389268
2.618819737434387
1.776905962199089
1.691669480323617
1.6567743949592113
4.358794750273228
1.8131829613936135
4.175833357870578
2.715758905094117
1.0460108682396823
2.3703943592263386
1.907320483913645
2.557472567260265
4.87831832319498
3.2568463519215585
1.8425335437059402
2.558590370975435
2.713953046873212
0.8740220414474607
4.7568213671445845
1.960835025086999
4.362303863465786
2.2162950264289973
0.8637274299719138
1.5921656347811222
1.168586201380822
5.368984990171157
1.1130191523865505
2.1614232029925917
3.6564121305942536
2.074499423801899
3.6617250382900237
1.6990503283217548
1.7033937718719243
3.138118440285325
2.985381457209587
1.2094840510369977
2.06927667055279
2.4093927904963492
1.2467812526738271
4.255456042289734
6.793582689762116
1.55098910467932
0.7796696649143996
6.74971718788147
6.616362905502319
1.7477059378870763
2.804445482604206
1.0474883049959316
5.890751057863236
2.556879833340645
0.2807240847309004
2.7576017243787647
1.9782339282333852
2.263840464502573
1.6661651881411672
1.3616001295857132
1.896028044819832
3.0132193893194197
1.8366996504366397
3.582876418856904
3.277894398570061
1.2779667153023184
2.505747774988413
1.1775049197720364
3.240195269882679
1.5225733256898821
1.7404269479215144
2.541620321571827
1.6626212798058986
2.7789815932512285
1.6955649003386497
2.5125618629157542
2.068620768748224
0.7997875391884008
2.819362200796604
1.8321726066991686
3.5561573177576067
3.830283135175705
4.297732785344124
2.2794463861733676
2.253306780382991
1.5262354407459497
2.5734348461031913
2.6523692071437837
2.989117270708084
2.0573768518865108
1.4399188861250878
3.038872700929642
2.3914205193519593
2.368582607060671
2.6366823971271516
1.1579974733293057
1.906521625816822
1.8574838925153017
1.1242910115979612
2.5363811910152436
1.133481341227889
0.6603314465843141
2.8129489332437516
0.7791864791144689
1.1717279167634842
1.6876171615385374
4.493727946095168
3.7778371810913085
1.3469934615306556
3.498933385685086
0.8359084999014158
1.309690662664798
5.8252707600593565
1.3020620119765227
4.813949489593506
0.9930223805829883
2.4139718361198903
2.673215978895314
0.8143906998768216
1.398525696247816
0.8809006974988733
1.3300753518764394
5.120568028092384
3.8359374076128008
1.3031127325913985
0.9334289971971884
1.393029894027859
2.316436294466257
4.563636037707329
1.0843016067054123
1.7289173424243927
1.5972333643003367
2.905383564438671
1.5258049686439334
1.958293600566685
2.0148776265094055
2.811255384236574
1.3979111789434682
5.518206122517586
3.293170024454594
4.388689684867859
2.5978928178548815
1.0669922226516064
1.533704373240471
2.1628160627093167
1.6210262836888432
7.327248796354979
1.8374507182092201
1.6731283420493128
2.1058980666100977
1.1517807817719585
2.580157206649892
1.0292224491364323
4.030193810816854
4.0712563544511795
1.6346497723316133
2.2710894299671054
6.097364372014999
4.06464061960578
1.245499668782577
1.4069390939199367
2.3470453568268566
1.8714779021276626
0.678346868045628
1.87254338459461
1.463693145266734
1.121283041528659
1.129744552563352
3.427211293578148
4.74307501912117
0.7346095021814107
1.6644697868818183
3.2924963809549808
2.7535695016384123
2.1152194127440453
0.9541564795188606
1.3149144994094968
1.6015842035412788
2.1961377270519735
0.611260029085679
4.702802157402038
0.8252565269329353
1.2053431682656082
1.6301730589868384
0.6566711920808302
0.8731638953264337
0.35689856987446544
0.8677473076386377
1.9658088147174566
1.1279500822012778
4.319594240188598
2.6004593398422005
0.8705194504233077
2.819758082088083
3.249551311606774
1.9254954998992617
1.0991956748939629
2.06165219519753
1.7799648736603557
1.7214939851313829
2.355608697622665
1.1941314176205196
1.603793161478825
1.2391527121420949
4.428029310330748
1.8827820854785386
1.9293226841837168
2.825582311101607
4.470545482635498
4.2007208406925205
0.48402328085503543
3.14436888997443
1.93975944891572
2.68848489546217
2.717140973964706
1.8175118656829
0.7211031455779449
2.8381202448159457
1.2395516445860266
1.1574569032061846
3.0370948284864427
3.433040681481361
1.8033465193584561
1.9478238172829152
2.563049891591072
4.385667350888252
4.961467415094376
3.447972077131271
2.0335031315684318
0.8973389694467186
4.6727459475398065
3.7686456382274627
3.9309279062785207
6.8177749563008545
1.8250558735184312
1.0333893283357611
0.33584078206986306
2.9667490161955357
3.5075462818145753
3.780999581515789
4.880147153139115
5.435857135057449
0.6547742736947839
2.5791868157684803
3.0675055734813212
3.8446043983101843
5.156118421116844
3.830646041035652
2.4994632847607137
1.968861416913569
2.4641867939382793
0.9690405608416768
3.692212465405464
2.764495687186718
2.1190718948841094
2.2661057154648008
0.7989413979928941
0.4893573103996459
2.9276251792907715
2.985995765030384
2.8502755761146545
2.846012605726719
2.2989471713081002
4.404783987998963
2.273947697877884
3.246778893470764
5.477256536483765
0.6503214059281163
2.121581717953086
2.002990832272917
5.822943073511124
1.3667145842737227
0.7635035368788522
0.9844361821866187
3.237135012293584
2.011550318636
2.1753033184446395
2.4685981169342996
0.8760610176708724
1.6082015994936227
1.3339166898746044
1.43663192907552
0.7441491387900896
1.312669639060914
1.251036506233504
1.6485441022086889
5.300966453552246
0.9285939995257649
5.159950792789459
0.32375861413020174
2.260137499590928
6.034350055456161
2.84324324503541
1.1776564404193777
1.1097586475778372
2.1876858781441113
1.3378582376986743
1.0019154016568792
0.5018295841058716
0.8837119080300908
1.5712189401499927
1.466019345584209
1.3324931858485798
2.1260411620605737
1.7575492012671021
4.7664594650268555
3.6335158824920653
1.9313489398700767
1.6462344712643244
2.8270662426948547
0.7204795073019341
4.466062057390809
2.2137899518185806
1.1948753246630077
3.4534367196261884
0.8363003720238339
1.8347713759161706
4.092608041968196
1.7648190623847768
3.3226251870393755
1.6349984433501958
6.39005024433136
3.2327723555266856
4.734101337194443
1.695751179382205
2.8451641388237476
1.1710160395363345
1.2059453412424772
3.9567707747220995
3.7672634780406953
0.9210448723137233
3.0161791525781156
2.7227288387715816
4.349408928304911
1.3706235337827821
2.1690585592761638
4.971891117095947
1.2817533508408814
1.8054791424481664
1.668558747973293
0.3348522752530698
1.5808093997300603
3.1418244154192507
3.1960117097944023
1.6186699636280537
4.966798153519631
1.2185076923575253
1.0918250817805528
4.893968045711517
2.3283081630244853
1.4226987647125497
1.118608488049358
3.4857915449421855
1.9329430796205997
1.852361150830984
2.166104692965746
2.2811027077026664
1.5914197102887555
1.4335689553699922
4.63956847190857
1.2961149722337724
2.398433005809784
2.5759913366287948
4.061434656381607
2.8305887036025523
5.154894840717316
1.1838922671973706
1.7220005445182323
1.3734990060329437
2.098673962429166
1.7225908638443799
1.7061700578778982
2.1575505786575375
4.280709458235651
0.7164499674705439
2.2414257493801415
2.9566125959157943
0.5557655214826809
4.421296644210815
1.7365449828794226
0.8704084546101513
3.0561108738183975
1.2401439651268447
1.9758321803063155
2.803016274794936
1.1683268189430236
0.9831390823645052
0.9615102039941121
5.286856110394001
0.7390034422838653
1.6000195113942026
1.6189923726575217
2.3025062952976443
0.6193564492743462
3.4552103426191025
7.594739137077704
2.0350556574761867
2.52982878908515
2.506343148835003
5.360632282495499
1.0296084485118626
1.7516549725085497
4.142789967358112
3.0108749588951467
0.7635732056107372
3.9745829278603195
2.2006810599632445
0.6422672480344772
1.4639177864417434
1.4749986115843057
4.2410797193646435
4.913474208116531
2.1406247459119188
1.632817358110333
3.420914553105831
1.6512778325006365
5.073573279380798
1.9908247963059693
1.865441735589411
1.5159328531834035
1.958548361249268
4.3300970431417225
1.634754766151309
1.2822379312478005
2.0626907836645842
2.7689871810376645
2.9202006310224533
1.2030326418578625
1.5464839042979293
3.907368949241936
6.546202390268445
6.16113314628601
2.5469999632798137
4.215965257119388
1.073718828696292
1.2859841786943433
3.9026850745081902
4.901276024617255
0.8338337263536232
4.691501431167126
3.9029443508479744
1.4775460331235082
2.285261051222915
6.929035413265228
1.3215442741813603
6.406884974241256
2.212872320308816
2.3089480504393576
2.090480191774259
4.763323485851288
2.1952347782440484
1.8340491898401523
4.127411775290966
2.5085883692838253
3.061264047853183
2.8429932402585107
4.425594870746136
4.020564799848944
0.7462142720236443
0.7700091110076756
4.9328991055488585
2.8047309146262704
1.3036910672963131
1.8118985166074708
2.960031129978597
2.469807957438752
2.933772362023592
4.464161770045758
1.482530135475099
3.8008809611201286
1.0115787450456992
1.7401246594963595
2.64130316702649
2.438649319857359
1.222433004179038
0.9204085053643212
1.4259179091313854
3.6724858582019806
0.8489333676698152
0.1271120296965819
1.4620146214030683
4.8242008775472645
3.3387059926986695
2.2916917748749257
0.9847092634616275
2.8503139853477477
1.4459068277850746
3.4299567088484766
2.5745781190693378
2.7177678175270557
2.3269528970122337
2.2209660897031425
3.312907837331295
4.050492849946022
2.6692011058330536
2.5473502315580845
2.244834205508232
2.3072039414197207
1.8148356914520263
4.963954138755798
5.066983383893967
2.567827185615897
2.167894813418388
3.764792662858963
3.781284162402153
4.86696255505085
1.5709341518580913
4.280633491277695
1.9750565212219953
1.7669172454625368
3.407215213775635
1.5969347482547165
2.6140777081251145
5.380399948812555
4.067703002691269
2.281061523919925
2.880548004154116
2.387344206220587
1.3300036771224313
4.322216342389583
2.7184671252965926
1.9050942903497343
1.1312523499596865
2.3085597615689037
1.7061172493733465
4.329019995852559
0.9977249877595569
3.6777884997427464
0.9811612199177034
1.3610822122660466
1.1595002822141396
2.6908252209424974
1.5711570244282484
2.2700015926966444
0.7433466723583478
1.375132426561322
3.827934040129185
4.371818087995052
2.1368495830567555
2.725329298042925
1.9411843731999396
4.063176313042641
5.036163440236123
2.5612838527187707
1.0503603778779507
5.467276550084352
0.9398396633856464
1.188458197657019
0.8957515073940158
1.2069620988797396
1.6912187973968684
3.200256370007992
1.9797882609069348
1.4216242476613843
1.395746680861339
2.935342744900845
1.4418932608445174
6.328661027550697
2.378181356843561
1.704859845340252
0.9046867972181645
5.969885832071304
5.967437022924424
1.663853633776307
1.3745705700013786
2.0826004522154107
1.3070347380358727
3.598404911905527
1.0460950329084882
2.727927522175014
1.4985313436020078
2.440584672987461
1.3963103069225327
1.7448549010790884
2.474535784253385
1.5875785780022853
1.9001866662641986
4.570613813027739
1.6043543175488595
1.8531287544617954
3.216914518456906
2.443172958493233
1.696853130942327
1.6399837565259077
4.573622338473797
2.8259313296410253
1.5791729345452041
2.811862491071224
1.7678531840443612
1.9799994274973869
1.728774042194709
2.7790104299783707
1.6450662299990655
4.595367326773703
2.1478682496468537
2.208305509784259
0.4627573752073658
2.544491878873669
4.255799847841263
4.782715917378664
0.6584270411140096
2.2439276326447724
1.6773440000368283
3.367605876142625
1.1242750879609957
2.603739971294999
0.8924221265298911
0.8171878882281817
3.967245630174875
0.7262749662098941
1.4954555622185581
0.08435279271216131
2.943642517924309
2.0300735068973155
1.4053332442883402
1.3078335761558264
1.421820793952793
2.2234036698937416
5.704725050926209
5.365768826007843
3.7909805208444594
3.611292004585266
4.246383792161941
3.2869403660297394
2.010528095718473
5.038234660774469
1.7143029833037873
1.219271108310204
1.4288305594553095
6.933731533167884
0.4932846748502925
1.5812658886075952
3.8779119104146957
2.2064348978921773
4.018999248743057
1.7356196086853743
1.9611736094404477
2.542090552742593
3.509263015212491
2.66105365504045
5.2612441524863245
0.33168858327844647
1.0137045245821354
1.3931262942031026
5.338501404970884
1.909065603115596
0.5277904690417927
1.5143789148249198
0.7260050382290502
2.4633207051854695
1.3144606553134508
1.1562877749907785
2.446076940000057
4.65304913520813
3.1582922667264937
4.6114331349730495
0.7782333433220628
1.8179990919190459
1.8434130875684787
5.240344911813736
4.494953167438507
1.3975340039469302
5.423365747928619
3.664566162228584
2.4439896017313005
1.0362053176388144
3.4811666905879974
1.8569108545780182
1.2389009870588779
2.94282668158412
1.131179670477286
1.6959861124865712
1.5219661642448046
3.1360546201467514
1.771659628674388
1.0143463289365173
0.841501297801733
1.8091524079805823
1.4266664920607581
3.5418505332345376
1.4021965032909065
3.956223219781532
4.1148389095440505
3.16449771374464
1.4010884356219322
2.0405834627337756
1.375179309770465
3.731747278943658
1.1513277313068102
2.117808420956135
4.100066059827805
1.0614714484028809
1.239332039281726
4.671491134166717
3.4730343027040362
2.521677254140377
3.2277304865419865
1.6029894626699388
1.193880564533174
3.0808669693768023
1.5903342872858048
1.5670516878832133
3.41627164632082
4.603340612351895
2.94837260281638
1.6394821221474558
4.710323832184076
4.542804944515228
1.05341467987746
2.339147935062647
3.056649811659008
7.863191968202591
1.100362251730985
2.408972322079353
3.3454958136426285
1.2541585340106394
2.332463001832366
4.430287956446409
5.920248186588287
5.0817618981003765
1.2676442333628075
0.5261495956307044
1.5373079657787456
4.478818540065549
2.3621611543465404
1.3664206280969666
2.677976187877357
5.315270318090915
1.1609415369925045
2.8374587923288344
1.6624482934101252
4.458690619701519
2.5039072253741326
1.6913990496279439
3.450403279066086
3.7347585724666716
2.6173221074510367
4.156271249055862
2.893748551700264
0.576984685001662
2.6791180489584803
1.1410457675578072
1.3728588124504313
2.454325877781957
1.7971250098198652
2.600472021102905
2.0540587589144708
3.1744912594556807
1.160991819947958
2.882695436477661
2.6933209912851455
4.555982592701912
4.088875168561936
3.9206788301467896
3.5279242023825645
2.419125649333
2.879062642157078
4.387687855213881
2.7339570611715316
1.3375470790546387
2.1707220536889507
2.8621124058961867
2.0921809315681457
2.0083625238388776
1.6700577422976495
5.703873619437218
2.1692266144789754
1.447457712178584
2.0419862452523376
2.061920519173145
4.887429565191269
1.6436929785362735
2.3263883494772015
1.4184733080212026
3.032244780194014
0.3365274598130782
0.414449192473694
1.821784541476518
1.3989584632217884
3.0017766159027817
2.8090384715236723
3.7659717440605163
0.9780824269808364
2.7532849508337676
2.213188474625349
4.2941637769341465
2.0797956354916094
2.9388571478426457
1.0024656481691636
1.7203135000541807
1.9948744251392783
1.1190806180238724
4.2776628017425535
6.195757055282593
1.612923124898225
1.5254879467189313
1.5973715402185917
1.1192558740265668
4.192461366951465
1.055803848709911
1.1712950956076384
2.7941606804728507
1.7360113225877285
1.6625443687662482
1.2603383502573706
2.068262718617916
0.6730913372761279
4.9444917887449265
1.404260835824789
2.9054834648966787
0.9261346750075973
2.4767082277685404
1.128503546337015
1.644162114779465
0.9039577757939696
0.4448183089669328
2.9227901954203843
2.6392479710659247
1.8020631817402317
3.3579245757311584
1.8653505219495856
0.7884631810418796
0.8954999957233667
1.823466416914016
1.2413561102621316
1.3821431992691942
4.917572844028473
1.1999980460270308
2.803398202359676
3.1559293407946827
1.572468201816082
3.8238330847932955
