2.3199586196336894
3.191217651963234
1.9841264676302672
1.92757683750242
4.527123889327049
3.9206291392445562
2.9714186172932386
1.9921436119591818
1.9334675070596858
1.9571078167296947
2.6591202369891107
1.3613811942879692
1.7025106187909842
3.4174549475312235
1.9189452132792213
3.3711561538279056
0.9088643408968892
1.1198909344850108
3.853954714536667
2.01146160280332
1.638581182062626
4.85303293466568
4.619334623217583
1.9627464294433594
2.200178238371154
3.3659574680030344
3.6330628246068954
1.6269956320524215
1.6248264310881495
1.6272418164182454
2.1184860460460184
2.473181543406099
1.3967871020897291
4.689500546455383
4.499789480865002
2.8537203896790744
0.5489769763080403
3.409776818752289
1.478311181999743
1.8593657302670181
3.438370722532272
1.1869092013119371
1.8347063241526484
1.6658279062772636
2.600756666250527
2.5545962838456036
1.4418219638057053
2.471980042452924
2.8752429634332657
3.2863733667880295
0.9406821054464671
2.6727482616901397
2.279693292733282
2.320042260736227
3.2633873611688613
4.0082339823246
2.5498680487275123
1.6777137331664562
1.87497326284647
2.277444689720869
0.9806743545457721
2.3828856608830393
3.5666439458727837
2.3227263353590386
2.2842154241530808
1.048588011803804
3.120825469121337
1.262407921097838
2.037439038636512
1.318346040789038
1.3091186864534392
2.3621207120921097
1.558444506675005
1.327936225326266
3.949219423532486
2.109204329014756
4.903719246387482
1.877449805662036
2.5809207171201707
4.361695164442063
1.1485111397778383
1.9165702767670154
2.663392409682274
1.191094458475709
1.3105406733229756
0.9264523128513247
4.139976239204406
1.3114297428925057
2.9713978616520764
4.597697460651398
0.9267541603692735
1.5957844434958588
3.5908696591854095
2.6151047468185427
3.0496130995452404
1.7883030820051318
4.4547284007072445
2.664479864388704
2.6787217679433524
3.5235759139060976
2.146722887060605
4.139721298217774
2.621055933320895
3.9707309648394586
1.571356314793229
3.4252290338277818
1.2373889089833028
3.822904807329178
1.414456818252802
4.719073265790939
1.2421033050864936
1.4520509933354333
1.684348661825061
1.9344283517450094
3.1768686205148695
1.8130583509802818
2.4610692776739596
1.955889268964529
3.776047611236572
5.0287267684936525
4.216429370641708
4.568310087919235
3.8385650396347044
4.280391156673431
1.8446442201733588
5.350970923900604
1.6071186166256666
3.247029934078455
3.311293751053745
0.9152507864608197
2.5114206556230783
1.720950549817644
2.2615716110914947
2.400814178586006
2.131047442420095
4.063960953056812
2.2990066558122635
4.012818214297295
2.1700197417289018
1.6019389560213313
2.1921784348785875
1.2634819742292165
1.2122085987590254
2.665384775400162
3.5545411586761473
2.1024690013669898
2.6051654808223246
1.0236430621211183
3.542921283841133
2.734734131395817
1.8710888515226543
1.7289296385424677
4.376457166671753
1.6524776872713118
1.147392563149333
2.021797326207161
1.2324271174729802
3.7874265894293786
1.4103037035562012
2.272214424051344
1.9102489391341806
0.753436034785409
2.4068881846033037
1.0552120933076368
1.6044083035245422
1.2574812912207562
2.6741056511178614
2.1854632530867093
0.7465424585563596
1.043100835520363
2.859740439709276
0.8521150189451874
2.813274322077632
0.640985855832696
1.636777277942747
2.5647915489971638
2.2668780982494354
3.585937552154064
3.9210127841681244
0.7852068180189236
3.0622087769210338
3.1277226701378824
4.754112648963928
4.672526550292969
2.3489325802773235
2.6942051495658235
1.1547970744315534
1.5703306445851921
3.3902743369340897
1.3444104728288948
2.4191209211945535
4.9581799626350405
3.981548610329628
1.8753443446010352
1.5720901906490325
1.4620334435254336
4.1561910033226015
3.4484921872615812
2.331623869703617
3.365165960788727
2.8634926587343217
2.3105742794694377
6.0537065148353575
1.7133700591512024
2.0339598283171654
1.5866197664290667
1.008580373806217
1.9707708828151227
5.2677312910556795
2.857202907471219
2.1965794816613196
1.345325069129467
1.2919933013268747
4.4831516440492125
1.4154389771283604
1.8280764545314014
2.3997156322933733
2.616630031168461
2.2890680570155384
4.983295643329621
2.8794345058500768
1.7039932178333401
2.7566068693995476
3.2372780612669887
2.251416194438934
2.551251769345254
2.055284503699113
3.2042833496030654
2.413781584054232
6.381245243549347
4.362830024957657
1.6402785246027634
1.5362713627167977
1.715041070130519
2.7759921399876477
2.858673452399671
2.1326394232572055
4.498826505243779
2.3118835423141717
2.0389166538370773
2.1473324650432914
1.9893320704693906
1.667127700301353
5.875020265579224
3.8206612020730972
1.8875347670167684
0.9615066394184396
0.6966571854893118
2.661537289619446
1.2781356545165181
4.430816572904587
2.6447739772032945
1.8668726697564124
2.141375904832967
1.4485538996756078
1.6521348752081395
2.2878906468395144
3.596359337028116
1.9366318157946807
1.6082949697971345
2.5273072560783474
1.8974631272256375
3.186204868555069
2.3127871450968085
1.894787766202353
1.6337714625988156
2.2379669908434154
4.979280054569244
2.576483453810215
4.775620114803314
3.1725776329636575
1.5171574394742493
1.4988106075674295
2.0591773809865117
2.093476225435734
0.8619319766759872
1.7102842622902243
3.0706300169229506
1.8710697260103188
2.2792816437780856
1.6495913149788977
1.4589700482785701
3.915149313211441
1.5311764501035214
2.1823995281010866
3.1846250116825106
3.8161014914512634
2.775240344554186
0.7726676164194941
3.2441598266363143
1.751012922823429
2.1503252383321523
2.230855317413807
1.8278949422761799
2.0787447459995745
3.599837136268616
4.28606106042862
3.9714914083480837
2.468742460012436
1.238021587766707
4.040035221725702
1.6612906474620104
2.080435267370194
1.346741717029363
3.1891614170745015
1.873294588259887
3.0259169049561025
1.4190964832901956
3.086671145260334
3.785416793078184
5.337721729278565
1.9262661451473833
1.558557342716449
2.866227493621409
3.033663224428892
4.115146180987358
3.3236728250980376
2.240612969594076
2.8518976002931593
2.2184442430734634
3.073004171997309
2.106260511279106
3.5326073706150054
0.5359862598335667
2.8484884321689607
4.171537297964096
3.5939396396279335
6.035717350244522
2.7908993810997345
5.094436359405518
3.099374500382692
3.1783389002404876
4.045747700333595
1.2564111092315216
1.1164680278539891
1.8442881215829403
1.0633573456841987
2.6842232430033617
2.621123082842678
1.7161372873408254
2.435317251086235
1.7437151674181224
1.9438397504389286
4.630878978967667
1.6773118982091546
4.544736796617508
2.6158758241683246
2.385571786016226
2.613064358383417
2.7265942117897795
3.6452344179153444
2.1273263766473973
2.350447758845985
1.9739479792304337
1.3566435541957618
2.9107216954231263
1.7144640874117614
1.4757115919142962
1.502682734672271
3.8523832499980926
2.7424796514213083
1.2323870847409126
1.4938852337426851
1.0401670116465538
4.2936673879623415
1.6438294004183263
2.108328404277563
2.467431051842868
1.2574548260308802
2.352743747085333
3.8831554681062697
2.7627034530043604
1.6607868030667305
1.7118880855850875
3.28182782754302
1.8414429433643817
1.4325510499067604
1.3664581573568284
0.9580466598272324
4.8022396802902225
2.0508890748023987
1.383806630790059
1.1080093800468602
4.203520005941391
1.987009196379222
4.450813049077988
2.204606390884146
2.669198750524083
1.6569288166472689
0.9418151070392924
5.4596470415592195
4.21948618888855
1.7222159947818454
2.5329772711731495
1.6770786114502698
1.989790664514294
3.4340753674507143
1.9017979500538786
1.8316712886095048
2.670243091136217
2.8199837299542194
2.7094342440366743
0.768281335858046
2.7050186514854433
1.5837028240741347
1.3087758664507418
3.445746361929923
1.5008473837769998
1.2013178776949645
2.2547050711582415
1.5588511837966508
1.449976661405526
0.5151791236843565
4.687268730998039
3.716495433449745
0.7860859138103024
1.6364096647826956
2.347111008130014
4.620419157668948
3.940153346955776
1.6863957213142384
2.2091767595615237
2.072065216815099
0.5242186912058969
2.048558516614139
2.261367379222065
2.0474484911188484
1.5734508799389004
2.4003264719620345
1.5969092723215
1.7642419539391994
2.5648946687579155
2.188956943899393
1.7025080785155295
2.3413187879603354
2.9969880557619035
1.9498953483998775
4.156817889213562
3.813101029396057
2.0113730526994913
2.0947409866377713
1.1940041656373068
1.612126435758546
2.9763851977069864
1.8754793314263225
3.3899591267108917
2.7473576083779334
2.009169989824295
1.8208416951587423
4.242993139475584
2.328789548575878
2.9583030462265016
1.7583234637975693
2.906779187917709
2.879119284451008
0.9676377648953348
4.862105345726013
2.3958980605006217
0.91471432329854
4.6572895586490635
2.3979751728475094
1.669282989576459
1.100512516312301
2.4895115971565245
1.4950453306268172
2.319232252358552
2.270350741408765
3.9180243968963624
3.2608141897129825
0.3020091295009479
1.5200158726565405
1.8157147316553164
2.5210177074010063
0.9110554551050882
2.141130093857646
2.2360776024870574
2.0576147086918355
2.1746827721595765
2.457817852497101
3.0809166054430532
2.187874834984541
1.1963412281125785
2.802054690849036
2.85806674528867
3.3936792481690645
2.356787882745266
4.1008468344807625
2.0249513909220695
1.6251885582692922
4.952513158321381
1.0632841390237444
2.338678265362978
1.2118356707684144
1.1588090462377294
1.6806362416566116
3.2020071744918823
2.5028787978113543
2.199233141721925
1.489281481562648
1.2431208353496914
2.855919886106858
1.8870179728604852
1.5271759408642538
1.8714117398525558
1.1303776872111484
3.002883131802082
2.9778260838240387
2.622512994706631
1.8834717262536287
3.874733346700668
5.455518424510956
3.0710254127625376
3.734921807865612
1.862043271218863
3.7057746395468714
1.8913564696907996
2.12293985132128
1.6351627617143094
1.5034392818321067
2.57733715698123
1.6131899449974298
2.4667482018470763
1.2874502909253351
1.1222873401464313
0.5601753262664715
2.4212614238262176
1.6667848818004132
3.52823745906353
3.7788879811763763
4.060818564891815
2.7838710710406303
1.7836423495784401
1.3020620768889786
3.0332152426242827
3.2306091129779815
2.6526172060519455
1.8682422384619712
1.7606361140031368
2.6566666331345914
2.580708569800481
2.5415412090718745
2.6603681531287293
5.813786029815674
0.3979687685638055
0.8521051647581771
1.4126979261636734
2.1709534087218345
0.9944250255932274
2.864081032232934
2.3474678760394454
1.8937016579511692
2.794439613446593
3.9923043131828306
2.6202327920123936
1.4523094572126864
1.9465329739265145
2.2404921944951637
4.927208507061005
2.635097965975001
1.3980649922508745
1.0898624029941857
2.714288295083679
2.1326426646672187
1.824740766359173
2.0520173285156487
3.577523958683014
1.3969730243086815
1.4873653165413998
6.121728873252868
1.9915545802086854
2.279208427667618
4.4688906341791155
2.7541734151542188
3.6398712143301966
1.7087105544737824
2.2119350758846847
5.081017148494721
1.2096055422909557
2.8420918568968774
4.724828398227691
4.028567999601364
3.1135869333986195
2.6937060497701166
2.8228065252304075
4.3998987674713135
3.4082428733818233
4.780471205711365
1.8043841619044543
4.742823696136474
2.5627920061349867
3.6812738358974455
4.044727182388305
1.7992004413623364
3.701038217637688
3.557671695947647
3.8557973504066467
1.475677713006735
3.023490960150957
1.823873268092575
1.071949128783308
2.033789814201009
1.1894129735541354
3.3626383647322653
2.6847982425242662
4.914199674129486
3.6789804339408874
2.6550433576107024
3.9385328218340874
2.186872963643691
0.4223373561162589
3.321443822234869
1.6632328825813603
2.1071460709470555
2.7675421635620294
1.297437441261718
0.8042256422093373
1.3453830955433659
2.87139610722661
2.093804451904725
2.933792446600273
2.3743206548271703
2.211638277769089
1.628035205602646
3.106110143661499
2.619884319603443
2.1994361503049733
2.5402493968605997
1.022001349646598
2.577850933372974
2.548838169127703
4.220775588788092
2.724199731479166
4.202820198237896
1.1271382611710579
3.715663495659828
2.460019698739052
2.5644750606268643
1.7089282926172018
1.703494885051623
2.7308464273810387
5.089246320724487
1.8123708349652587
1.4044634015852353
1.6531407499685884
2.3763585979584603
5.328480594605208
2.875671711564064
1.9332645497604972
2.7555588375777007
2.8948453810065984
2.379180752938555
2.7636786133050917
3.488056489860173
0.926654461902217
3.9796948179602625
1.4504741739947349
1.702084289677441
2.3425308082252743
2.164491540193558
1.2458920391916763
2.120518729649484
3.3511631399393083
3.054197344230488
1.2662643251940608
2.738451163470745
1.9183910086750984
3.1785959243774413
1.6418403330336333
1.9662555182352661
1.5329727817617822
2.7101084141264438
2.0608794466053952
2.017259671911597
2.2290892791905206
1.516939425462624
2.010829064249992
2.768014741431398
1.3450463351167854
4.166736852377653
2.0494251339317997
1.122294636801462
2.1821695839054884
4.8005041658878325
0.9932904324028641
4.115132005512715
1.9577200338244438
1.2454446982592344
3.6243466466665266
1.7551712053013033
3.3674037903547287
1.312362449936336
1.0177212910493836
1.8090511696471367
0.6357699768450402
2.0331928927218543
3.5389687628485262
3.7880882233381272
1.5472581059977528
1.5064121261239052
1.753592101437971
2.104230123758316
2.7148081535473465
1.4336497247219087
3.6063661754131315
2.544714323244989
3.1476851839222943
2.475372442230582
3.7136778116226195
2.7423233475536106
1.9444460446291487
3.631027102470398
1.6499658070504666
2.5828673899173737
0.7193945208964578
2.378437105566263
1.7374366711825133
1.0288774017244577
1.8218755424022675
3.399641674757004
4.245026761293412
5.238587027788162
4.692831647396088
1.404241269081831
2.560112902522087
4.7400383949279785
2.175753489881754
1.470212924425141
1.8999272491128067
1.200043717259541
4.219483092427254
3.7753306210041044
4.279464074969292
1.835379902587738
2.4895180614257697
1.0766066177711764
2.75054418630898
3.423885402083397
1.6381091198185458
1.0476842137904896
1.367313722272229
1.1868506527549472
1.5486569732893258
1.3730009590974077
4.162318360805512
1.7706629776395857
2.652652034163475
4.437052747607231
2.9481876641511917
3.034707040106878
2.196157771348953
3.5690847754478456
4.045671027898789
2.1596099849790336
3.077144655585289
1.1224649716867134
2.3207339227199553
3.5226557701826096
2.3968929409980775
1.6294178828597068
2.94235383272171
2.1757554307579996
2.751862668991089
1.3751921732444317
6.450757002830505
3.8014399709485587
3.1909764360636474
2.967084016930312
2.40637301269453
1.0720341043561348
2.7929899010632653
2.868118461873382
0.27435272885486484
4.46772492825985
1.8557730855420231
4.802752034366131
1.7151316758361645
1.86197920802515
3.226325938757509
4.027247601747513
1.4732311282568844
1.4516186884517084
1.0929035228444264
1.5141660044318996
1.7681596057584101
1.4291850846144372
1.358192329853773
3.9257661521434786
3.440795979462564
3.8492501825094223
2.2985012508928775
1.950942873954773
2.1072568148723803
1.1202106591314078
2.2115434099920095
1.4634133614134044
4.302417421340943
4.495049864053726
3.2077979191148187
3.2372716066776777
1.2100765737239272
2.613301023468375
4.505501845479012
4.765384709835052
2.0719329652376475
2.468808514461853
3.823388344049454
2.4954707122407855
2.4269852480814733
3.2618081398308276
2.385253098467365
3.1170427560806275
3.6781177878379823
2.855500744283199
3.1584178304765373
3.8750072538852693
4.175251331925392
2.646622220054269
1.9201424804748968
2.4997204303741456
2.2717704504728315
4.19940025806427
1.8976937033236028
2.730877974629402
3.93988456428051
3.668909561634064
2.0656819054856896
1.1529381817526883
0.9417357492609881
1.5254757108166814
2.510974258184433
3.1255558848381044
3.015130937099457
3.5037951827049256
2.5168676674365997
2.1369460485875607
2.356455035507679
3.4208906412124636
2.757242476940155
3.447089558839798
2.098758050054312
4.594293087720871
1.3804546118568397
3.5120267048478127
4.007275515794754
1.204076236858964
5.36447457075119
3.8299514293670653
1.718378209322691
2.7133664414286613
1.7595596240833402
1.7782350891139231
2.1409016780904495
2.070067446635221
4.925719183683396
1.3108244182183626
2.9859735518693924
2.637481739465147
1.7500764461881773
3.266274317679927
3.1124883690848946
1.053681382945797
1.980942648765631
4.037152218818664
3.31541543584317
5.314191293716431
3.5822413578629493
5.433027988672256
2.8778029180131854
1.498340749069257
0.67344429865052
2.864773637894541
2.988424058444798
2.4920345515012743
4.366324880719185
1.3168424984585727
5.006875765323639
4.023661710321903
4.666603696346283
3.0966474235057833
5.626488453149795
3.440909481048584
3.9351775646209717
5.3504496812820435
2.148753610625863
0.5811804928700439
5.320900875329971
2.7222746133804323
1.8460585953202098
3.617874562740326
1.3174586859589907
2.602849827427417
2.3144111750036247
2.174170452595354
3.1274967166318675
4.332145947217941
1.8998941142570402
3.643829894810915
2.5071097363717856
1.812472838908434
2.2170905487961137
1.8864147272892295
2.850109589332715
3.735679895803332
4.042161691188812
2.2629299722611904
1.3902717795805075
4.027840927988291
1.7393586415797473
3.6151640094816684
1.4633703188039362
4.936060719192028
2.76171452117851
1.3918765045898909
2.046708105504513
2.7709446770139037
2.3951963638683083
1.645143509778427
2.4827542902901767
4.309466746449471
2.181500094011426
4.6007010191679
2.3917945336550472
1.932291713450104
2.5892285741865635
3.2128156622173263
1.1447272146317118
2.9110049180686475
2.7071558356285097
1.6495782819343732
3.6654641762375832
4.833957767486572
1.951865626871586
1.6907029646681622
5.32241370677948
5.008727014064789
2.237720996676944
2.9571099847555162
1.5578572539612652
4.791597533226013
2.622949652047828
0.944683427340351
2.67294587045908
2.2350015580654143
2.806679230928421
1.6299158069305122
1.9544878765940665
1.9470184549689293
2.546312934346497
2.395768133806996
2.8186145330779255
3.0238161355257036
1.789681088272482
2.6457541532814504
2.9688793793320656
2.374831348657608
2.13012440870516
2.2255956412060187
1.9146327167749404
2.6645803200546654
3.2106838599313052
2.540359525103122
1.8100723238429055
1.597019074857235
1.1697609826223925
1.9723622706718742
2.5295924484729766
3.5188458263874054
2.906989347934723
2.703343704342842
1.7013300746679305
2.8431188434362413
2.144385807029903
2.1587922948878258
2.1644933804869653
2.9860058933496476
3.061127859354019
2.4360700726509092
2.684139267355204
1.8288225281983614
3.128918093442917
2.166933836042881
1.94070615619421
1.6549011275172234
2.6465160310268403
2.588060699403286
2.8747712701559065
1.1973297625780106
0.9406021854956634
2.443172940611839
0.6185345455305651
1.1804171239957213
2.1151100822462467
4.965787354111671
4.521544945240021
3.296002899482846
2.888485686480999
1.24044282399409
2.027728450331415
5.386798417568206
1.2607315406681665
3.9057102262973786
1.303829293884337
5.244304883480072
1.4220658929785714
2.0269039113773033
1.8285089664161205
0.9306632471985722
2.3899081459385343
4.813195896148682
2.7210707770194857
1.5331985279539366
0.7845755850430578
2.4152597643435003
1.8206421586161015
4.372187325358391
2.2641644552350044
2.339983271062374
1.7910295506706462
2.479863091185689
1.7033840390853583
1.7828088030219078
1.8410893397871404
1.9323268599808217
2.1374899126589297
4.57299771308899
2.701723751286045
2.836752150207758
2.5197060734033583
1.4847931320779026
2.66357778608799
3.2398636817932127
2.198940070345998
5.077519757681875
2.6235524808987973
3.8564820304512977
2.9971545740962027
1.5126823898317525
5.125486490130425
2.08582850137027
4.347280919551849
4.765003502368927
3.0905119980685414
2.5591470755636694
4.421944810450077
4.44509998857975
1.8842946524266153
3.064358233846724
3.742997615196509
2.6605030045084277
1.3957467938773334
3.5401535406708717
3.1505848806991708
2.364036016864702
2.6160753928124905
3.239644479751587
3.67508966550231
1.359350336715579
2.4460754672181793
3.134039829391986
2.1941590696573257
2.0660895593464375
1.2664148416370153
1.8547939009964467
2.313253644108772
2.3174504555761812
2.0131223690637854
3.6100543618202208
1.6590583784949557
2.6463215130846947
3.1054101186280603
1.0084033524559346
1.270841638999991
1.678477782002301
1.7771392482565715
2.4091980017721655
1.1242030824534595
3.83415510058403
2.587260276824236
1.1459091890255877
3.356531878001988
3.3151502554545003
2.537102333083749
1.22392106989937
3.0521375413052736
1.146823816280812
1.5376585558522493
2.467086352864135
1.7996769036795741
2.249136513785925
2.1903346941806374
3.6804487094283105
2.263328729942441
2.3539771280251442
2.563089667900931
3.0636400113231503
5.301608711481094
0.9872776378062553
3.0929438821971416
2.516780737042427
2.880811435729265
2.8672040147706865
2.0912270036526026
1.373268850611862
1.8088940184505191
1.2690269641578198
1.1662641345523297
3.588868891168386
3.842783460021019
2.0513957734685393
0.9874329943209886
3.5452237367630004
4.921146762371063
5.623716080188752
3.4313501477241517
5.208773964643479
2.5770353165455164
2.31733604632318
3.1131028063595294
3.6246833780780436
3.05014850362204
1.9656967815255484
1.5505326913320459
0.6942864574783016
4.458600687980652
5.75072830170393
3.0740440098568795
4.504939603805542
4.192573398351669
0.8905731347796972
2.113572782278061
3.244672526419163
1.7294750135857613
2.35982373803854
1.6955446008592845
1.5777348794043065
2.118389838607982
2.635548713803291
1.6628014052865183
4.4873937729746105
2.936371632665396
2.852804287523031
2.204760356992483
1.6060108564328401
1.0306955457053846
2.86149885058403
2.553483907878399
2.939415214955807
2.0788846170529722
2.2202825204236434
4.245857185125351
2.9741478502750396
4.556566148996353
4.850172656774521
3.3113927520811557
4.674336072802544
2.721151161706075
5.808892160654068
1.729978275630856
1.2850904591701693
1.6229241862252821
2.7431076724431476
3.394610658288002
2.6824615612626075
4.605953961610794
2.163272472121753
2.117505022068508
2.044778965698788
2.355743304806765
1.9234860161552205
3.235201109573245
2.910251805273583
1.6791977908722402
3.3055222212336957
2.323699111134192
4.674263444542885
1.4662139798048883
3.644925268605584
4.924908328056335
4.360300210118294
1.9874233371650916
2.4617928493767978
1.929750518873334
3.2300111576914787
1.6220987983047963
1.968440495091727
1.7255425862502307
1.857152238767594
2.4515159867238254
1.8209988491609692
2.41317990347743
1.9537049604579806
3.618561027944088
4.377428078651429
1.3168926127925715
2.3915888970053403
0.8120704054814268
1.3407801827881485
4.058469301462173
1.5916715837120137
1.5780229775467887
3.4635794341564177
1.3123107491526753
1.3916986740667199
1.975353353098035
2.0510300069116054
2.218182878009975
1.3597069714451209
3.0123455584049226
2.822567254304886
1.7794075027108192
1.0235117761883885
2.5339738875627518
1.0993358778767288
1.7120118330232799
3.272399663925171
1.621063593029976
1.4936706508524367
2.748439713567495
2.883929529042507
3.0810777679085732
3.1941802584100514
2.812717218743637
4.761497965455055
2.409327205270529
1.7088832994922996
2.435291504114866
1.4696536188945175
1.9476252009626478
3.928615927696228
3.4113179564476015
2.1961770507739855
2.853275328874588
1.2273180304211564
1.3223754685372113
4.250945615768432
2.556391174718738
1.4140115275979042
1.2599626160226762
2.118570228666067
1.084980910271406
2.1506901875138285
1.4658138719853013
1.8167091310024261
1.2544219873845577
3.1425361868925394
4.047783118486405
1.9419971650000662
1.9125176114961504
2.9521614571334793
4.19425339102745
1.1303763372823596
4.21585842370987
1.7931946208467706
2.813219168782234
0.6270151609089225
3.629507802426815
2.617273680306971
2.6318516217172148
1.9001872720196844
5.3348975971341135
1.238489129766822
3.204427930340171
2.675060026347637
0.7069474794276175
3.774553821980953
2.7467821195721625
1.4500121561955894
2.720794229209423
2.0415257131633098
3.1092828954569995
2.0974328642711044
1.4688028424978257
2.697954170964658
1.7656581832045048
4.740303695201874
1.880943411943008
2.360148510336876
1.6718463680706919
3.0090053599007662
1.73941642800346
3.528303619645885
5.359155923128128
3.6650532446801662
1.976921758055687
2.5238637286704035
3.9808215618133547
1.6190749944973504
1.488664194420562
4.0495358318090435
4.34625092484057
1.4635392601252533
4.186199322342873
2.534359127189964
0.9929495743708685
2.283549477532506
2.8109876304864883
2.9225734546780586
2.897472636401653
3.0853100315085613
1.701974955573678
2.351751459389925
2.7898658793536013
4.232214325666428
2.144487267290242
2.4283416014164687
2.0008758669491726
3.336135943233967
2.710411625355482
2.188206236460246
2.2269869544310494
1.917619140149327
2.254808996617794
2.1913133427500724
1.5521310421871022
1.6326516151428223
3.6988832712173463
4.635609256941825
3.625392559170723
2.0352557551115753
2.053526651712309
1.820643092924729
1.460258166668973
3.170977351255715
6.197383399680257
2.013554223626852
5.749606496095657
1.7511919500422664
2.367551653261762
2.505521920672618
5.777574261277914
1.2025744558312
6.044403898715973
2.6265469053282686
3.766993348300457
2.7042442432958524
4.948343223333358
2.889409948512912
2.333504108246416
4.958038564026356
2.601906485110521
2.703925596177578
2.296408939258254
4.352632331848144
2.29229485419346
1.5400012019104907
1.4025094772507145
4.120037561655044
2.902257584175095
2.065382760646753
2.1626396228559317
3.8361826688051224
1.4076896877377294
1.6610091779846698
2.9991448005661367
1.0733850649354282
2.364817621745169
1.2982977231498807
2.5270128112286327
1.8604800078785046
2.5234510860405863
1.9475000030826777
1.8172020308673382
1.7763318341225385
3.9194281548261642
2.2521325862267987
0.5868778744295924
2.597014087438583
4.202161180973053
2.4671842724084856
1.5931186099071055
2.2548608738929032
2.0917611895129085
1.1591903032211122
1.6138858512276784
2.1321122638881205
2.183869329688605
1.8037311419844628
2.834518176317215
2.692595037817955
2.052569592371583
1.725583083368838
3.453521466255188
1.982464882871136
2.4996275059878825
1.8358794003725052
3.2695744693279267
3.8564173579216003
2.279790164530277
1.1637509927008067
4.766695702075959
5.60723152756691
1.4242330592125654
1.945085373520851
3.3087044954299927
2.1353244468569756
1.306201621890068
3.7157493948936464
1.7505522146821022
2.3085095040500163
4.410338881611824
2.87102739661932
2.6230994218960406
2.900732606649399
2.158921356042265
1.2417128525674344
4.124369364976883
3.4842755615711214
1.6022881980985404
1.9765338018536567
1.6652970734983683
1.030475575698074
3.458556070178747
2.129097226416343
3.8415784746408463
1.3044045221060514
2.5595302917645313
1.3446620893388173
2.0294227957725526
2.9614615440368652
1.6485791574465112
1.3227702731455793
3.269260413944721
3.637443306297064
4.316837750375271
1.3318438259593677
2.173720994964242
3.1367551386356354
4.734656420350075
4.051982475817203
3.4421160250902174
2.785455726645887
4.561103355884552
0.8613006981275249
1.662962170719402
3.2593628361821176
2.319430410861969
1.3212703514611348
3.1503954768180846
1.0998040634236532
1.4200262263882906
1.4417164001613856
2.824016955494881
2.2420550232287497
5.182296857237816
3.234123300295323
2.2455551594495775
1.0142001044005156
3.9386772394180296
5.2480112433433534
3.367779369652271
2.1907376205548643
1.333431283547543
1.4057561879977585
3.250535199153819
1.8444210045039653
2.045877177640796
2.963380956384435
2.298694608360529
2.1377071887254715
2.328815869987011
3.307988361269236
2.952218133956194
2.432373341929633
3.8040906794369223
2.8091816315427423
1.5084538068297662
3.696641853451729
3.543716187030077
1.2173325011506677
2.286365046171704
3.265764382481575
2.6720648718066515
2.109179954230785
3.02421106537804
2.2443954218178988
2.1743052273988726
3.8682644426822663
2.002123197540641
1.6412505560554564
2.525789732777048
4.160531067312695
3.258602646044892
0.8522668658013572
2.946731663867831
2.3019548495300115
5.793493628501892
1.576166398730129
1.6854600874939933
1.568737867847085
1.3326142034304211
3.180266693420708
3.0357004344463348
2.13061989415437
1.5664811479626224
4.454120862483978
0.4712911655682547
1.9420048031344777
2.2432128321845086
2.690404051542282
2.714309211913496
1.6403463672846557
2.210491136577912
1.7717607061378657
1.1026714571751655
4.3663433492183685
4.661026871204376
4.066369634866715
2.5667738884687425
3.3234663546085357
2.5977250218391417
2.355999527964741
5.19750789552927
2.2113867908716203
2.218385520204902
2.6673018342931756
4.99422372803092
1.4412420776106956
2.5514991357922554
4.651230829954147
2.16337088290602
3.9275935903191566
2.235787821561098
3.5303325130953453
3.397395733324811
4.292632811528165
1.8417656521196477
2.763805243559182
0.5994210097348514
1.8924256345839239
2.2276617750525474
4.864786842465401
2.3708217999665067
0.34233246725052596
3.3811891689896583
1.4228033682971728
2.7970426227642746
1.8849731049500407
1.3398576541716465
2.3788250014185905
3.37151360809803
2.882489746809006
4.411548709869384
1.411453008162789
1.466409716429189
1.6577132736507338
4.358407312631607
3.467338891327381
1.9630606312886811
4.029621928930283
3.4401648223400114
2.5440696218051015
1.3536913633346557
3.1292675375938415
3.032792276144028
2.361488229781389
2.768412412703037
1.9505818348377943
1.3480108172632754
1.5340727531816811
2.8019761979579925
1.4810960045084358
1.056310219503939
1.44499606564641
1.8811035666847602
2.070108552509919
3.2666593187721444
2.1465443786233664
3.1434218487163887
4.549341692234156
4.425094825029373
1.3277363979213987
2.0761855597607792
2.0028934654779733
3.4256567798554896
1.073906305152184
2.844959433376789
3.712695574760437
1.6918570917914622
1.332897536654491
4.427168524265289
2.0711941797286273
2.1808037877082826
2.6188182666897775
1.313068832270801
1.172018309647683
2.5419501422904434
1.8852115971967578
1.613721350580454
2.5107833057641984
4.739445000886917
3.0852336645126344
1.7479163784562843
4.680884546041488
4.2628449440002445
1.993294394761324
2.6746012210845946
4.1196694180369375
6.379838383197784
1.8494530090130865
4.1504981309175495
3.424316482245922
2.916858337074518
2.4128437880426645
2.0731080333935097
5.150848942995071
5.58375808596611
1.6948888330241971
0.8534902816172689
2.8285905123892006
3.7032749471254647
3.2790733706206083
1.4891885180943063
2.9152599036693574
5.261650854349137
1.7761138022877276
1.1854050748050213
1.0187978516099974
3.0969209730930745
0.7983788818007269
2.0592956769745796
1.7856095554307103
2.088219620671589
2.2925147348549215
3.696954053640366
3.2535300850868225
1.0763559946120949
2.8526562759652734
1.3704098277725278
1.2150556164211594
2.625110356183723
1.17406000867486
4.002828890085221
2.460325642861426
3.8491646975278853
1.5483124621212483
3.935029137134552
1.9332094386219978
4.951409101486206
4.823409461975098
4.904670107364654
2.4752606719732286
3.144146004319191
2.6303674183785914
3.049486182257533
2.588236845470965
2.456036114320159
3.959788954257965
3.409282314777374
2.012089729309082
1.8616578079760076
2.2192693918943407
2.5371046917513014
2.900258278660476
3.311545932572335
3.0295785713940857
1.3233237490989267
3.1731782637536528
2.9758214092813433
2.4191645108163358
1.6575375638669356
2.229916971363127
1.2980941070243717
1.373093115154188
1.6870850995561342
1.9831264909356832
3.2982933672145007
2.318556360434741
3.4662860214710234
1.5045499744737754
2.8949293411918915
1.9492389712482692
3.557187962345779
1.8271590169519185
2.39245273914421
1.930669180955738
1.8938920275337296
1.6151297654258088
3.0066131845116617
3.3538880169391634
4.358655855059624
1.3069816618226469
1.4572481252253056
1.7433633756823839
1.5400683396495878
3.2921853452920913
0.9346549990586936
2.1894225381314754
1.7097129702568055
2.1307598993182184
1.4396404712926596
1.4376023255277688
2.0520402126014234
1.600127664906904
5.800871002674103
1.4261253554156839
5.696329683065414
2.2245669877156615
3.35304399728775
1.620423469729576
2.626324506988749
2.36581607228145
0.7011172006838023
3.108074840158224
3.732437300658785
2.288056325633079
1.5848773973062635
2.6392042483319527
1.0060040368562568
2.3038363263010977
1.2979232242680154
1.598764598640264
1.6657829649746418
3.858292669057846
1.3872565142344684
1.9772762095555663
2.620860959589481
2.193722506612539
3.248947787215002
